3070801,1963,1096,,"BE","",,1,,269,6,69,,1,,0,,,,,,,
3070802,1963,1096,,"US","TX",,1,,2,6,63,,0,,,,,,,,,
3858242,1963,1096,,"US","IL",,1,,2,6,63,,9,,0.3704,,,,,,,
3070804,1963,1096,,"US","OH",,1,,2,6,63,,3,,0.6667,,,,,,,
3070805,1963,1096,,"US","CA",,1,,2,6,63,,1,,0,,,,,,,
3858242,1963,1096,,"US","PA",,1,,2,6,63,,0,,,,,,,,,
3858242,1963,1096,,"US","OH",,1,,623,3,39,,3,,0.4444,,,,,,,
3070808,1963,1096,,"US","IA",,1,,623,3,39,,4,,0.375,,,,,,,
3070809,1963,1096,,"US","AZ",,1,,4,6,65,,0,,,,,,,,,
3070810,1963,1096,,"US","IL",,1,,4,6,65,,3,,0.4444,,,,,,,
